    161245    491597         2
     75431    452400         0
    114900    516740         0
    116592    516068         0
    221359    535312         0
    213508    546530         1
    214219    545121         0
    214955    545393         2
    209557    539165         1
    210490    539211         1
    206168    511116         2
     23049    368057         0
    110982    562167         0
    110406    562230         0
    186448    423700         1
    175838    447597         1
    240652    578749         1
    224890    596737         0
    214372    536782         1
    211582    535880         1
     83447    463362         0
     84670    463135         0
     83209    461697         0
     83137    461267         1
     82965    460921         0
     81469    460972         0
     85745    463341         0
     85431    462646         0
     86118    463509         0
     84895    461896         0
    254279    495105         1
     49791    360286         0
    110866    549767         1
    175724    442013         0
    227043    481915         0
    227635    522278         0
    120948    455998         0
    192146    349419         0
    139965    453452         1
    175081    441632         1
    230335    553424         5
    204076    507658         1
    103423    513681         0
    114785    418213         0
    115548    418252         0
    107849    526307         0
    148403    478110         0
    127091    545751         1
    107400    489679         0
     84127    462460         0
    239655    539851         1
    117122    418975         0
    116774    419083         1
    194316    447085         0
    225822    534925         0
    237659    573637         0
     82812    420778         1
    117752    418359         0
     97777    483361         0
    137329    477000         1
    104660    504479         0
    103110    509949         0
    103228    508092         0
    103405    512729         0
    102589    502653         0
    104919    506100         0
    104380    504662         0
    103117    503028         1
    102239    505086         0
    102684    505614         0
    104526    507114         0
     85317    464389         0
     86023    464505         1
     86285    465425         0
     85430    464981         0
     84422    464818         0
     85395    465448         0
     85086    465750         0
     85819    466056         0
     86516    466349         0
     87186    466604         0
     87823    466945         0
     88075    466434         1
     87168    467501         0
     86006    466690         0
     86475    467435         0
     87820    467684         0
     87202    465696         0
     97388    483610         1
     97824    483693         0
    206106    444834         1
    116660    417957         2
     85091    462770         1
     85273    463758         0
     81492    460548         0
     82598    460580         0
     81691    460176         0
     98598    482612         0
     96290    484392         0
     96090    484008         0
    100075    493556         0
     83149    462668         0
     83006    462354         0
    247273    438919         1
    101029    491451         0
    242524    498100         0
     86969    465877         0
    264834    531728         1
     99669    483718         0
     82793    459408         1
    115389    414446         0
    239023    552242         1
    226823    546266         1
    118157    474517         0
    113449    509053         0
    104721    496554         0
    225129    586291         1
     88756    458481         0
    221210    548328         1
    221802    547931         1
    221310    547550         1
     93882    479063         0
    106768    429774         1
     94069    480258         0
     96821    480312         0
    104691    496910         0
    116602    418731         0
    115722    417959         1
    265493    520719         0
    240725    544505         1
    105146    517465         0
    104017    518294         0
    105094    518176         0
    106733    521256         0
    105555    517656         0
    104208    518692         0
    234840    551833         3
     82136    460779         0
     83704    462997         0
    210591    539188         2
     95549    480188         0
    111384    541354         0
    113800    535467         0
    127953    547943         0
    117949    534367         0
    121097    522452         0
    110042    521989         0
    105373    528880         0
    109200    528496         0
    124012    522972         0
    107271    516360         0
    108828    514557         0
    106617    504511         0
    111024    506719         0
    130422    518279         0
    127716    512453         0
    123623    512982         0
    114669    506682         0
    124347    495967         0
    124224    496962         0
    124648    497492         0
    112052    504760         0
    117272    511554         0
    109499    497694         0
    115313    503619         0
    116278    502493         0
    117166    504318         0
    127679    508014         0
    130465    507198         0
    129916    498789         0
    129586    492573         0
    127954    490690         0
    131689    491710         0
    131907    492937         0
    135689    496099         0
    126213    492516         0
    126907    496556         0
    127881    498845         0
    118068    499127         0
    124847    477188         0
    121382    480239         0
    136553    476872         0
    132808    480041         0
    131252    476265         0
     95399    484364         0
    116847    424222         0
    118419    425049         0
    117025    425431         0
    117242    424844         2
    117314    425321         0
    117965    424567         1
    213782    436021         1
     81888    459413         1
     84114    461282         1
    100394    492489         1
     83344    460389         0
    259326    520702         1
    237083    536743         2
    237679    557239         1
    246313    445853         0
    244587    446442         1
    106013    418708         0
    243747    554499         2
    212217    542482         1
     93618    479477         0
    229952    440228         1
    232989    566127         1
    247546    438127         0
    240941    443745         1
    200456    568816         0
    233884    550936         1
    169491    446076         1
    180036    442735         0
     82589    461884         0
    263027    529879         1
    131865    589707         0
    107154    489034         1
    169429    440534         2
    110934    564061         0
    246252    446350         1
    117295    479028         0
    127550    484971         0
    164985    390287         1
    211925    543372         2
    226501    600504         1
    225500    597504         0
    228500    599495         0
    230496    600500         0
    263332    582243         1
    252138    583374         0
    272173    577542         0
    178819    484013         5
    260732    574879         0
    269182    569420         0
    269319    571728         0
    272962    567622         0
    270572    568382         0
    274028    563892         0
    270858    558726         0
    276630    561245         0
    219073    601272         0
    239509    606220         0
    221765    592446         0
    249364    600784         0
    243957    593836         1
    247614    583659         0
    248133    568987         1
    258030    570623         0
    262410    567071         0
    246489    581624         0
    245892    583170         0
    246757    583174         0
    245807    580814         0
    247697    586008         0
    245504    580472         0
    245679    581403         0
    192190    444878         0
    142363    487724         0
    142135    487673         1
    165351    388467         1
    102191    493088         1
    215357    545662         1
    177108    426016         2
     89498    457201         1
    205045    457613         1
     80038    439297         0
    258255    468253         0
    201331    451939         1
    115947    507786         0
    215976    535817         0
    106837    528765         0
    111532    510559         0
    111881    497732         0
     84129    463250         0
    197340    454878         0
    130240    484027         1
    216477    549579         0
    216482    550732         0
    238381    495550         0
    239012    495916         0
    187389    351095         1
    252523    578841         0
    104007    520850         0
    105583    521179         0
    105484    520636         0
    105836    519822         0
    105913    519320         1
    190805    470961         0
    243199    456818         1
     22828    380432         0
    201688    446992         1
     83390    447304         0
    237917    556013         1
    192075    342800         0
    230595    569153         1
    227993    549324         2
    243666    572191         1
    183057    587717         0
     19365    376847         0
    205494    610048         0
    173721    433737         2
    172436    433722         0
    170987    433759         0
    212498    545429         1
    217279    533505         0
    124829    469008         1
    194242    428821         2
    178057    483591         0
    179614    484518         0
    212253    595287         0
    223664    528937         0
    266270    521967         0
    266295    522878         0
    267465    522453         0
    175923    560398         0
    175386    486996         0
    171313    433332         1
    179252    557211         0
    192452    586851         0
     84272    463752         0
    175870    451781         1
    176540    451850         0
    177270    448922         1
    198166    464568         2
    104081    496320         0
    104731    496074         1
    176066    486859         2
    114160    416401         1
    153204    496174         1
    153077    493567         1
    150279    495384         0
    147873    494117         0
    171627    608292         0
     96783    483980         0
     23670    372025         0
    178093    607493         0
    143784    534909         0
    226764    557817         1
     85644    449111         0
    170071    440347         0
    170053    439910         0
    170815    439558         0
    166412    441416         0
     83570    461471         1
    204318    562319         0
    172614    608408         0
    122676    473516         0
     63836    425702         1
    190927    447049         0
    201338    573857         1
    198169    348174         1
    130702    411014         0
    219975    503441         1
    130415    443433         0
     64111    416025         0
     64515    416940         0
    196886    565413         0
    199254    591590         0
    162357    458372         1
     81046    457348         0
    267867    590674         0
    224813    536010         0
    223880    533253         0
    221702    536903         0
    177247    450691         1
    109389    543283         0
    102699    506994         0
    101621    502870         0
    216060    548194         1
    170642    433851         0
    241271    576910         1
    187228    373696         0
    186116    374494         0
    234442    584479         0
    103125    511883         0
    103780    517057         0
    104255    516789         0
    104710    516145         0
    107699    521141         0
    227563    617261         0
    104196    506794         0
    191973    351992         0
    193490    354195         0
     85946    457324         1
    160558    421015         0
    233722    547638         1
    254419    544594         1
    266467    524336         2
     59687    374280         0
    178161    562206         2
    158024    376264         1
    101290    483369         0
    145927    440326         0
    222759    603891         0
    199191    607560         0
    181320    596124         0
    176462    593248         0
    183826    596670         0
    188617    442769         1
    122950    513963         0
    203241    602231         0
    205346    601866         0
    233235    617644         0
    146224    584992         0
    122675    572052         0
    237609    607916         0
    233439    605880         0
    228144    604923         0
    218731    602827         0
    212489    611838         0
    129789    588916         0
    140029    597317         0
    163924    606629         0
    141052    597831         0
    142091    597866         0
    142438    599586         0
    145326    600467         0
    146283    601515         0
    146681    600315         0
    147428    601308         0
    148547    602014         0
    148710    601429         0
    149788    602059         0
    152896    602673         0
    157169    604350         0
    158827    604613         0
    160041    603692         0
    164187    605506         0
    142649    597513         0
    158529    603270         0
    159970    602685         0
     73675    404586         0
    192628    343859         0
     92637    428087         0
     54463    408330         0
     54591    407787         0
    188841    545046         0
    189264    544662         0
    189968    545138         0
    191083    544755         1
     72189    450708         0
     72926    451282         0
     73363    451664         0
     73993    451662         1
     73955    452020         0
     73708    452407         0
     74398    453330         0
     74323    451882         1
     74514    451805         0
    221264    601076         0
    193203    562390         0
    192763    562455         1
    179742    582139         0
    186620    582276         0
    139793    482805         0
    140764    483183         1
    114125    491259         0
    179260    451203         0
    123547    515401         0
    209384    571237         0
    227188    551173         0
    166144    571469         0
    262871    520985         3
    264435    520808         1
    266925    520720         1
    264674    522319         2
     75655    421484         0
    223467    540267         0
    225222    533837         1
    126424    585202         0
    126309    585858         0
    164768    376181         1
    115863    508613         0
    230793    576252         0
    230313    542321         0
    116801    478486         0
    134813    447304         0
    216575    533144         5
    212446    535680         4
    212153    534032         3
    213348    535587         6
    214983    536433         6
    214941    566573         5
    178823    561892         2
    185676    564468         0
    194950    562603         0
     75584    451777         0
    137859    515254         0
    142286    524771         1
    148149    527710         0
     83925    394067         1
     82946    460018         1
    158832    540491         0
    156141    547590         0
    209524    393868         2
    209182    392324         4
    208210    393834         4
     88036    443368         3
    176289    581261         1
    179231    360955         1
    203407    322647         0
    262718    532040         1
    198840    411946         3
    201739    321111         1
    182648    468830         0
    227366    442305         2
    250994    442645         1
    175794    468167         0
    237071    438240         0
    116935    482284         1
    112911    491256         1
    116267    488757         1
    113730    488754         1
    187775    501163         1
    185524    575585         0
    187401    563598         0
    201423    542778         1
    176659    559999         0
    196959    561646         0
    199887    548452         0
    200541    549227         0
    182454    595843         0
    172190    543962         0
    157299    551306         0
    186766    570497         0
    178646    561612         0
    186068    585875         0
    190750    589862         0
     54682    422270         0
     56715    424409         0
    217329    560355         0
    217882    560418         0
    109223    537792         0
    108992    537105         0
    108361    536588         0
    108601    536385         0
    108227    535760         0
    108584    537563         0
    189612    336106         1
    163459    395790         1
    146519    370992         0
    159657    368492         1
    187980    350039         0
    193748    341258         1
    193885    339260         0
    195062    339260         0
    193751    343753         0
    191214    341449         0
    191216    343750         1
    190545    340642         3
    188764    341082         8
    182483    341264         4
    188750    343750         6
    189000    348750         0
    192992    505867         0
    192692    352252         2
    192759    349147         3
    197612    348432         2
    129933    512220         0
    130181    511139         0
    107889    536650         2
    198396    328751         3
    185230    392663         4
     99428    491433         1
    226324    481260         1
    181163    359860         2
    181669    359142         2
    107471    461731         0
    198584    331414        12
    165881    368216         0
    168123    393340         1
    138748    458753         1
    125817    469089         2
    126529    459002         3
    176525    321065         1
    191329    352151         2
    197857    361116         1
    195937    358809         0
    198640    363276         1
    196912    358319         0
    193039    353600         3
    188748    352518         1
    178899    330657         0
     40425    372746         2
    139036    528356         0
    197980    609158         0
    154561    457772         4
    234603    615883         0
    198314    435489         5
    202195    435025         6
    201467    433838         2
    200426    432722         2
    202921    431227         1
    206228    432820         4
    205578    432430         1
    204673    431873         1
    206704    430132         4
    188762    430296         0
    190116    432168         1
    191484    432644         1
    192904    431759         1
    195021    431098         4
    198872    432767         0
    189450    430103         3
    192140    430869         4
    191870    429876         4
    190449    428958         1
    190463    428264         0
    192860    427929         2
    194709    428710         4
    195750    429697         0
    198181    431448         4
    197382    429582         1
     39645    413725         1
     40156    413163         1
     39714    412522         0
    176548    311835         0
    173872    367421         1
    174478    366943         2
    176360    368888         6
    175989    366840         0
    177842    367282         1
    178596    369317         3
    179352    366361         0
    182151    367016         0
    181589    370021         2
    183057    369650         1
    185068    368606         1
    186953    370204         1
    181584    363083         0
    182725    364150         2
    183966    366717         1
    185345    365088         3
    185996    365734         0
    183868    362122         1
    184405    363338         1
    186055    362678         1
    151397    445826         3
    122024    495388         1
    183923    458222         0
    184558    453496         1
    186836    453590         2
     74312    423812         0
     80671    438184         0
    129050    487898         1
    192909    569789         0
    243251    440371         1
    101243    426249         0
    108748    538186         0
    196433    451031         0
    197895    451522         0
    196604    447044         1
    200406    448561         1
    197045    452857         2
    197154    447854         3
    194571    453705         1
    194147    452231         0
    193342    451078         1
    195011    450744         0
    193177    450225         1
    195557    449391         0
     66679    427432         0
    158729    411215         0
    222536    535152         1
    223831    534099         1
    225676    533659         0
    220482    533900         2
    221164    536459         3
    226590    536110         6
    226828    538630         6
    221098    538566         1
    226426    540040         1
    186534    607537         0
    217627    485739        10
     98602    426249         1
    218215    602317         0
    235238    606743         0
    102805    431725         0
    192220    342069         0
    176775    447264         0
    262324    533521         1
    195047    455210         2
    144023    518254         0
     75140    453089         0
    134353    462847         1
     73268    447181         0
    225092    571696         1
    225072    570635         0
    117446    478624         0
    174389    556842         0
    193239    567301         2
    190068    559217        26
    142691    441061         0
    189305    565185        10
     93472    413727         3
    182998    559663         0
    162234    545435         0
    185569    575146         0
    197696    581435         1
    199214    580117         0
    191197    583983         0
    189941    583450         0
    184242    591410         0
    188518    595703         0
    171504    585434         0
    161461    579764         0
    184740    593124         0
    116182    548031         0
    117549    546681         0
    119173    545691         0
    118437    546121         0
    121113    545191         0
    117981    545832         0
    232520    558447         0
    240049    555589         0
    189321    585709         1
    184552    372029         0
    185858    372691         0
    185693    373704         0
    182650    395110         3
    182296    394556         8
    190449    463869         1
    255645    545932        42
    168060    360337         1
     41822    396260         1
     39408    410226         0
     50044    417782         0
    220271    557114         3
    167363    486743         0
    168856    486628         1
    168503    486846         0
    224694    481249         3
     83721    460933         0
    173948    592737         0
    178854    594976         0
    180186    594138         0
    178166    593755         0
    181927    595493         0
    183323    597177         0
    177093    316142         0
    185274    598232         0
    185737    597702         0
    187135    599427         0
    187337    598910         0
    189001    599961         0
    189016    599823         0
    194405    601147         0
    156230    495917         1
    107979    534982         0
    118986    496430         0
    187448    392648         4
    154203    564472         2
    156066    560117         0
    197624    504693         0
    203931    495643         1
     96359    382502         0
    145970    525219         0
     96777    485984         1
     97026    485529         0
     97402    486076         0
    165891    433935         0
    166547    433985         1
    164470    433542         0
    154693    427794         0
    156553    429214         0
    155365    427391         1
    134446    464690         2
    169083    418536         2
    182789    380864         6
    185014    344557         1
    177025    554233         0
    191269    591151         0
    186831    567597         0
    189975    569623         1
    189394    581671         0
    188436    582626         0
    189007    582611         0
    179926    594679         0
    178825    593226         0
    203336    600224         0
    162476    583432         0
    171465    543292         0
    187217    588392         0
    170682    556820         0
    199740    575879         0
    201617    574506         0
    110467    516783         0
    180141    359498         3
    146218    397716         3
    195751    437549         2
    186893    367587         2
    160055    544796         0
    211520    486081         1
    110057    491904         0
    172500    476500         0
    167590    510138         0
    159628    404152         0
    169298    397272         2
    170985    607947         0
     31557    378356         0
     30032    378814         0
     19753    379379         0
    183856    319547         0
    156170    555711         0
    206703    473758         0
    189467    381031         6
    121584    495699         0
    202058    402283         1
    202964    395922         0
    203396    401105         1
    220360    462370         0
    160500    504571         0
    216151    518103         1
    215469    518597         0
    129341    481664         0
    198419    412415         0
    200681    402676         0
    107088    488509         1
    183087    557160         0
    185269    459077         0
    171752    450826         0
    112433    450703         0
    223843    567444         0
    224259    563789         4
    199305    546983        19
    184190    495071         0
    187295    502219         0
    123671    441471         0
    126842    442205         0
    122829    439919         0
    129604    443116         2
    184804    509566         0
    143850    491027         0
    202475    591061         0
    204919    597990         0
    193071    584427         0
    187768    561609         1
    179134    555401         0
    157007    543829         0
    158447    555867         0
    172289    551842         0
    163761    551643         0
    181586    595258         0
    202516    574151         0
    202875    575092         0
    201590    575121         0
    192383    573723         0
    185003    583822         0
    187144    584212         0
    188373    589451         0
    204183    596538         1
    172776    570213         0
    169840    569751         0
    197205    562434         2
    205414    582729         1
    120408    573686         1
    106859    429727         0
    106750    429409         2
    109127    428300         1
    110033    429127         1
    110106    428618         0
    130354    428773         0
    131285    428781         0
    133048    430435         1
    143654    429162         0
    134183    429270         0
    136089    429382         1
    138932    429279         0
    155317    435768         1
    176885    436712         1
    179558    436571         0
    205867    435255         0
    205257    447617         2
    161508    425115         0
    152492    418335         1
    145345    416717         0
    176105    420466         2
    192274    414664         1
    200277    401980         3
    201418    397725         0
    193847    354561         0
    192917    355305         0
    177099    315492         0
    199139    364793         1
    207091    373787         0
    197294    359646         0
    187336    353239         0
    185008    347293         0
    185902    348461         1
    186466    346039         1
    201936    486371         0
     70732    391650         0
    152497    422567         0
    131000    443622         0
    132971    445361         0
     89998    428118         0
    190483    376598         0
    188334    386939         3
    179496    442694         0
    157598    378598         0
     95301    439723         1
     91922    435697         0
    188812    463737         1
    212276    460464         0
    264137    488273         1
    189088    541630         1
    217509    559060         0
    105072    482735         0
    209956    531786         3
    115599    462563         0
    116396    463410         0
    117254    463445         0
    117678    463583         0
    106613    462186         0
    252499    466107         2
    257500    466588         4
    152007    394808         3
    154739    394266         2
     79994    458270         0
    191967    572748         1
    189456    572676         1
    189024    571124         0
    191358    571984         0
    192607    572961         0
    188239    569865         0
    207051    383359         1
    190161    543691         4
    141054    441617         0
    188300    346250         0
    228020    577752         0
    224949    576860         0
    230646    576396         0
    244369    566828         0
    251284    561431         1
    241744    559824         0
    250799    558999         1
    241172    557710         0
    253900    548356         0
    249066    547783         0
    205784    529545         0
    211394    528567         0
    207333    525561         0
    230153    522934         0
    211523    522458         0
    216488    576816         1
     62289    425675         0
     78531    408072         0
     74665    409191         0
    187584    347807         0
    226226    454155         5
    211117    462424         0
     47400    413478         0
     47662    412271         0
    124205    490437         3
    121344    496072         1
    201300    447068         0
    231845    488060         3
    198524    447749         2
    175131    440727         0
    160693    492130         0
    168073    539622         0
    173839    543472         0
    205070    552964         2
    162480    491981         7
    163044    492016         5
    117260    462311         0
    118019    462066         1
    180533    314312         2
    184385    564611         2
    192115    443958         0
    184878    446788         1
    175973    442039         0
    183069    561000         2
    160508    481972        17
    269114    546164         2
    228946    505943         1
    136875    464267         3
    223826    561436        28
    103142    486959         0
    164595    479915         9
    102477    486645         0
    220527    558582         0
    221944    558528         1
    225055    557608         0
    222505    556669         0
    224067    556548         1
    193089    443743         0
    193623    443469         0
    171438    490429         0
    171317    489360         0
    222020    533214         0
    214944    546553         0
    168475    486515         0
    169400    486710         1
    239154    553498         6
    160274    540683         0
     77952    385408         1
    223500    559500         1
    250687    589437         1
    220776    548380         0
    241166    444300         0
    244757    440444         0
    241213    442336         0
    248511    448551         1
     81483    455366         0
     81822    456301         0
    119263    495218         1
    149800    473574         0
    112634    451171         1
    184693    412480         0
    182188    417632         0
    194528    410587         0
    193997    407946         0
    183137    401911         0
    181096    401881         1
    187094    401290         1
    196386    405405         0
    197175    404993         0
    198636    403156         0
    197327    403456         0
    198742    402074         0
    196047    400901         0
    161111    399663         1
    166958    394120         0
    165868    393361         0
    164421    393998         1
    162287    403174         0
    160565    404106         0
    160966    400575         0
    174248    392398         0
    174411    395368         0
    168896    407950         0
    166051    413343         1
    164771    413280         0
    139916    393839         0
    139018    393502         0
    163186    411785         1
    161932    414329         0
    160840    414094         0
    127522    389220         1
    163598    413607         0
    193973    412690         0
    193149    413821         0
    148038    380288         0
    119817    381842         0
    117016    381930         0
    118696    381543         1
    120924    381654         0
    117054    389024         0
    117372    388641         0
    116949    390932         0
    115840    393527         0
    115035    393707         0
    113996    403549         0
    113853    404516         0
    112303    407344         0
    113179    407439         0
    113622    411521         0
    157566    377686         1
    141528    392741         0
    142268    392630         1
    109681    410226         0
    129636    391213         0
     87101    410887         0
    109937    405543         0
    145336    409435         0
    146649    409481         1
    146340    403150         0
    145586    404121         1
    149147    409343         0
    149204    410018         0
    144607    395544         0
    143240    394104         0
    146741    384350         0
    158604    400286         0
    160078    393947         0
    157731    401169         0
    157782    400521         0
    167168    422882         0
    170147    421831         1
    163465    423749         0
    123319    415061         0
    140497    390353         1
    144832    373585         0
    127497    385205         0
    127091    384214         0
    163575    398701         0
     97542    388152         0
    128058    393348         1
     97852    383087         0
    157095    421555         0
    157692    418013         0
    159853    419064         0
    161123    419933         1
    179044    371811         0
     96821    382622         0
    169598    422264         0
    185396    390593         0
    181426    372366         0
    157381    420137         0
    103378    412989         0
    104884    412895         0
     85146    394422         1
     78811    402299         0
    167588    397347         0
    161756    410624         0
    153020    386052         0
    134377    413566         0
    121391    388817         0
    177585    371330         0
    187065    385975         1
    186637    387717         0
    185604    388669         0
    185319    389485         0
    177826    379495         0
    179587    376802         0
    164828    379853         0
    165651    379244         0
    144780    396870         0
    170924    399579         0
     97189    388830         2
    145399    382173         0
    141976    386526         0
    141337    386758         1
     98912    390878         0
    195724    400815         0
    162192    368519         0
    130872    402011         0
     86973    386638         0
     87339    389097         0
     77579    404090         0
     79262    403064         0
    132550    419485         0
    109617    410931         1
    172479    375194         0
    141544    410153         0
    171536    421910         0
    127546    404472         1
     80270    379989         1
     80107    381443         0
    100696    384473         0
    104546    385278         0
    172361    396285         0
    175191    398671         0
    189540    401146         1
    184891    409081         1
    185968    409849         0
    171609    404775         1
    172863    403635         0
    108258    405478         0
    183715    417241         1
    140635    406293         3
    134461    405479         0
    136039    403616         1
    137097    406337         1
    140310    405269         0
     97911    386674         1
     98657    387141         1
     98433    387461         0
     87885    411782         0
     96603    409544         0
    135369    385193         1
    135116    386396         0
    142644    396563         0
    147027    396173         1
    147922    396110         0
    112666    422259         0
    114292    419449         0
    130099    404231         0
    118487    410133         0
    158101    392073         1
    156208    394815         1
    151940    394325         1
    146422    394616         0
    173934    375753         1
    173673    375992         0
    173480    373421         0
    161529    368820         0
    158449    366289         1
    157025    364305         1
    167418    380447         0
    168177    379585         1
    184247    412937         1
    179940    414860         1
    186600    404526         0
    185989    404181         0
    130016    390414         0
    139746    383574         1
    128480    390674         0
    128108    391371         0
    150850    402777         1
    151973    404498         0
    149492    402232         1
     82208    390412         0
     85099    374663         0
    257500    487500         1
     82361    375653         1
    184900    410675         1
    123306    474047         5
    261638    589799         0
    214446    601341         0
     23152    369718         2
    203919    487601         2
     58559    418928         0
     50292    419485         1
     50878    422585         0
     51887    423762         0
     60026    423817         1
     62246    419397         0
     57693    415796         0
    185121    510221         0
    267337    490170         0
    257049    474679         0
    263184    476328         0
    256214    483923         0
    207960    486411         0
    239228    507411         0
    252988    497046         0
    250634    497037         1
    235764    472208         0
    226939    486353         0
    222806    479166         0
    234871    489744         0
    227653    478726         0
    206590    479946         0
    235480    485434         0
    235592    486352         0
    207019    475719         0
    231666    479912         8
    154337    365572         0
    190556    417818         0
    190804    416742         0
    193748    416675         0
    194114    413988         0
    198395    411641         0
    198401    406969         0
    203762    405212         0
    202155    402486         0
    203911    400805         0
    187467    396223         0
    191329    395134         0
    198432    395481         0
    200978    395059         0
    203010    395927         0
    192186    391812         1
    206816    391098         1
    209497    394198         0
    209118    393598         0
    188616    387509         0
    190899    385136         0
    193917    386375         0
    206656    386875         1
    212829    386984         0
    192068    379878         0
    196897    382297         0
    205732    384552         0
    207235    383532         1
    208700    384135         0
    212177    382163         1
    200581    378258         1
    202675    375855         0
    205151    377080         2
    210553    379509         1
    182714    371240         0
    184529    372000         0
    191938    370463         0
    196966    373884         0
    199303    370587         0
    207889    371079         1
    174736    365993         0
    176449    367440         0
    199490    369340         0
    200513    368100         1
    171878    362509         0
    177293    360514         0
    181336    360429         0
    182475    363318         0
    183461    364920         1
    185915    361289         0
    186886    364589         0
    188894    363871         0
    189315    360855         0
    192296    361354         0
    195200    362761         0
    197038    361580         0
    198051    360469         1
    199626    361816         0
    201268    363101         1
    202351    360418         0
    204007    362755         0
    172969    357250         0
    175882    356158         1
    182378    357525         0
    191152    357950         0
    198747    358577         1
    202244    358275         0
    182829    353858         1
    188502    353293         1
    191113    353352         0
    195306    352376         0
    201460    350829         0
    207249    354684         0
    208774    355660         0
    192353    348741         0
    195870    347616         0
    196599    348757         0
    184110    342690         0
    189380    340837         0
    193597    330229         0
    198566    331445         0
    182183    336640         0
    185248    336949         0
    180678    325544         0
    188142    325918         0
    197968    326417         0
    177158    324339         0
    190219    324016         0
    200626    322291         1
    174937    315084         1
    185083    316249         0
    189229    319335         1
    188491    317372         0
    188983    317398         1
    191214    317573         0
    191800    315017         0
    195640    318246         1
    180620    311969         1
    184896    313635         1
    190860    311029         0
    192830    310566         0
    193638    311996         0
    194260    313998         0
    179750    308687         0
    185764    309038         0
    188305    309339         0
    192208    307879         0
    194841    308135         0
    195871    308276         0
    189862    533945         0
    191117    532551         1
    192230    531528         0
    193273    530622         2
    193816    534755         0
    195484    533766         3
    193696    533070         1
    135497    479233         0
    209095    593680         0
    206082    595092         0
    207169    594867         0
